000 000 000 000 000 000 000 000 000 000 000 000 000 000 000 000 000 000 000 000 000 000 000 000 000 000 000 000 000 000 000 000 000 000 000 000
000 000 000 000 000 000 000 000 000 000 000 000 000 000 000 000 000 000 000 000 000 000 000 000 000 000 000 000 000 000 000 000 000 000 000 000
000 000 000 000 000 000 000 000 020 000 000 000 000 000 000 000 000 000 000 000 000 000 000 000 000 000 000 020 000 000 000 000 000 000 000 000
000 000 000 000 000 000 000 000 000 000 000 000 000 000 000 000 000 000 000 000 000 000 000 000 000 000 000 000 000 000 000 000 000 000 000 000
000 000 000 000 000 104 000 006 000 000 187 000 000 012 000 070 000 006 006 000 070 000 012 000 000 187 000 000 006 000 104 000 000 000 000 000
000 000 000 000 104 000 006 000 000 000 144 016 002 024 000 024 001 051 051 001 024 000 024 002 016 144 000 000 000 006 000 104 000 000 000 000
000 000 000 000 000 006 000 020 000 000 000 000 000 162 363 044 012 000 000 012 044 363 162 000 000 000 000 000 020 000 006 000 000 000 000 000
000 000 000 000 006 000 020 000 020 000 006 000 036 000 000 000 053 026 026 053 000 000 000 036 000 006 000 020 000 020 000 006 000 000 000 000
000 000 020 000 000 000 000 020 000 000 016 000 000 001 001 016 000 002 002 000 016 001 001 000 000 016 000 000 020 000 000 000 000 020 000 000
000 000 000 000 000 000 000 000 000 000 000 000 124 000 000 264 000 000 000 000 264 000 000 124 000 000 000 000 000 000 000 000 000 000 000 000
000 000 000 000 187 144 000 006 016 000 000 004 000 000 000 000 000 000 000 000 000 000 000 000 004 000 000 016 006 000 144 187 000 000 000 000
000 000 000 000 000 016 000 000 000 000 004 000 000 010 000 018 000 000 000 000 018 000 010 000 000 004 000 000 000 000 016 000 000 000 000 000
000 000 000 000 000 002 000 036 000 124 000 000 000 008 002 028 000 014 014 000 028 002 008 000 000 000 124 000 036 000 002 000 000 000 000 000
000 000 000 000 012 024 162 000 001 000 000 010 008 040 072 028 000 021 021 000 028 072 040 008 010 000 000 001 000 162 024 012 000 000 000 000
000 000 000 000 000 000 363 000 001 000 000 000 002 072 416 000 009 000 000 009 000 416 072 002 000 000 000 001 000 363 000 000 000 000 000 000
000 000 000 000 070 024 044 000 016 264 000 018 028 028 000 012 021 024 024 021 012 000 028 028 018 000 264 016 000 044 024 070 000 000 000 000
000 000 000 000 000 001 012 053 000 000 000 000 000 000 009 021 000 000 000 000 021 009 000 000 000 000 000 000 053 012 001 000 000 000 000 000
000 000 000 000 006 051 000 026 002 000 000 000 014 021 000 024 000 000 000 000 024 000 021 014 000 000 000 002 026 000 051 006 000 000 000 000
000 000 000 000 006 051 000 026 002 000 000 000 014 021 000 024 000 000 000 000 024 000 021 014 000 000 000 002 026 000 051 006 000 000 000 000
000 000 000 000 000 001 012 053 000 000 000 000 000 000 009 021 000 000 000 000 021 009 000 000 000 000 000 000 053 012 001 000 000 000 000 000
000 000 000 000 070 024 044 000 016 264 000 018 028 028 000 012 021 024 024 021 012 000 028 028 018 000 264 016 000 044 024 070 000 000 000 000
000 000 000 000 000 000 363 000 001 000 000 000 002 072 416 000 009 000 000 009 000 416 072 002 000 000 000 001 000 363 000 000 000 000 000 000
000 000 000 000 012 024 162 000 001 000 000 010 008 040 072 028 000 021 021 000 028 072 040 008 010 000 000 001 000 162 024 012 000 000 000 000
000 000 000 000 000 002 000 036 000 124 000 000 000 008 002 028 000 014 014 000 028 002 008 000 000 000 124 000 036 000 002 000 000 000 000 000
000 000 000 000 000 016 000 000 000 000 004 000 000 010 000 018 000 000 000 000 018 000 010 000 000 004 000 000 000 000 016 000 000 000 000 000
000 000 000 000 187 144 000 006 016 000 000 004 000 000 000 000 000 000 000 000 000 000 000 000 004 000 000 016 006 000 144 187 000 000 000 000
000 000 000 000 000 000 000 000 000 000 000 000 124 000 000 264 000 000 000 000 264 000 000 124 000 000 000 000 000 000 000 000 000 000 000 000
000 000 020 000 000 000 000 020 000 000 016 000 000 001 001 016 000 002 002 000 016 001 001 000 000 016 000 000 020 000 000 000 000 020 000 000
000 000 000 000 006 000 020 000 020 000 006 000 036 000 000 000 053 026 026 053 000 000 000 036 000 006 000 020 000 020 000 006 000 000 000 000
000 000 000 000 000 006 000 020 000 000 000 000 000 162 363 044 012 000 000 012 044 363 162 000 000 000 000 000 020 000 006 000 000 000 000 000
000 000 000 000 104 000 006 000 000 000 144 016 002 024 000 024 001 051 051 001 024 000 024 002 016 144 000 000 000 006 000 104 000 000 000 000
000 000 000 000 000 104 000 006 000 000 187 000 000 012 000 070 000 006 006 000 070 000 012 000 000 187 000 000 006 000 104 000 000 000 000 000
000 000 000 000 000 000 000 000 000 000 000 000 000 000 000 000 000 000 000 000 000 000 000 000 000 000 000 000 000 000 000 000 000 000 000 000
000 000 000 000 000 000 000 000 020 000 000 000 000 000 000 000 000 000 000 000 000 000 000 000 000 000 000 020 000 000 000 000 000 000 000 000
000 000 000 000 000 000 000 000 000 000 000 000 000 000 000 000 000 000 000 000 000 000 000 000 000 000 000 000 000 000 000 000 000 000 000 000
000 000 000 000 000 000 000 000 000 000 000 000 000 000 000 000 000 000 000 000 000 000 000 000 000 000 000 000 000 000 000 000 000 000 000 000
