Solution #1 is Configuration #266,071,251 found in 2.51 minutes
9 9 9 9 9 9 9 9 9 9 9 9 9 9 9 9 9 9 9 9 9 9 9 9 9 9 9 9 9 9 9 9 9 9 9 9 9 9 9 9 9 9 9 9 9 
9 9 9 9 9 9 9 9 9 9 9 9 9 9 9 9 9 9 9 9 9 9 9 9 9 9 9 9 9 9 9 9 9 9 9 9 9 9 9 9 9 9 9 9 9 
9 9 9 9 9 9 9 9 9 9 9 9 9 9 9 9 9 9 9 9 9 9 9 9 9 9 9 9 9 9 9 9 9 9 9 9 9 9 9 9 9 9 9 9 9 
9 9 9 9 9 9 9 9 9 9 9 9 9 9 9 9 9 9 9 9 9 9 9 9 9 9 9 9 9 9 9 9 9 9 9 9 9 9 9 9 9 9 9 9 9 
9 9 9 9 9 9 9 9 9 9 9 9 9 9 9 9 9 9 9 9 9 9 9 9 9 9 9 9 9 9 9 9 9 9 9 9 9 9 9 9 9 9 9 9 9 
9 9 9 9 9 9 9 9 9 9 9 9 9 9 9 9 9 9 9 9 9 9 9 9 9 9 9 9 9 9 9 9 9 9 9 9 9 9 9 9 9 9 9 9 9 
9 9 9 9 9 9 9 9 9 9 9 9 9 9 9 9 9 9 9 9 9 9 9 9 9 9 9 9 9 9 9 9 9 9 9 9 9 9 9 9 9 9 9 9 9 
9 9 9 9 9 9 9 9 9 9 9 9 9 9 9 9 9 9 9 9 9 9 9 9 9 9 9 9 9 9 9 9 9 9 9 9 9 9 9 9 9 9 9 9 9 
9 9 9 9 9 9 9 9 9 9 9 9 9 9 9 9 9 9 9 9 9 9 9 9 9 9 9 9 9 9 9 9 9 9 9 9 9 9 9 9 9 9 9 9 9 
8 8 8 8 8 8 8 8 9 9 9 9 9 9 9 9 9 6 6 6 6 6 6 6 6 6 6 6 6 8 8 8 8 8 8 8 8 8 8 8 8 8 8 8 8 
8 8 8 8 8 8 8 8 9 9 9 9 9 9 9 9 9 6 6 6 6 6 6 6 6 6 6 6 6 8 8 8 8 8 8 8 8 8 8 8 8 8 8 8 8 
8 8 8 8 8 8 8 8 9 9 9 9 9 9 9 9 9 6 6 6 6 6 6 6 6 6 6 6 6 8 8 8 8 8 8 8 8 8 8 8 8 8 8 8 8 
8 8 8 8 8 8 8 8 9 9 9 9 9 9 9 9 9 6 6 6 6 6 6 6 6 6 6 6 6 8 8 8 8 8 8 8 8 8 8 8 8 8 8 8 8 
8 8 8 8 8 8 8 8 9 9 9 9 9 9 9 9 9 6 6 6 6 6 6 6 6 6 6 6 6 8 8 8 8 8 8 8 8 8 8 8 8 8 8 8 8 
8 8 8 8 8 8 8 8 9 9 9 9 9 9 9 9 9 6 6 6 6 6 6 6 6 6 6 6 6 8 8 8 8 8 8 8 8 8 8 8 8 8 8 8 8 
8 8 8 8 8 8 8 8 9 9 9 9 9 9 9 9 9 3 3 3 9 9 9 9 9 9 9 9 9 8 8 8 8 8 8 8 8 8 8 8 8 8 8 8 8 
8 8 8 8 8 8 8 8 9 9 9 9 9 9 9 9 9 3 3 3 9 9 9 9 9 9 9 9 9 8 8 8 8 8 8 8 8 8 8 8 8 8 8 8 8 
8 8 8 8 8 8 8 8 9 9 9 9 9 9 9 9 9 3 3 3 9 9 9 9 9 9 9 9 9 7 7 7 7 7 7 7 9 9 9 9 9 9 9 9 9 
8 8 8 8 8 8 8 8 4 4 4 4 8 8 8 8 8 8 8 8 9 9 9 9 9 9 9 9 9 7 7 7 7 7 7 7 9 9 9 9 9 9 9 9 9 
8 8 8 8 8 8 8 8 4 4 4 4 8 8 8 8 8 8 8 8 9 9 9 9 9 9 9 9 9 7 7 7 7 7 7 7 9 9 9 9 9 9 9 9 9 
8 8 8 8 8 8 8 8 4 4 4 4 8 8 8 8 8 8 8 8 9 9 9 9 9 9 9 9 9 7 7 7 7 7 7 7 9 9 9 9 9 9 9 9 9 
8 8 8 8 8 8 8 8 4 4 4 4 8 8 8 8 8 8 8 8 9 9 9 9 9 9 9 9 9 7 7 7 7 7 7 7 9 9 9 9 9 9 9 9 9 
8 8 8 8 8 8 8 8 4 4 4 4 8 8 8 8 8 8 8 8 9 9 9 9 9 9 9 9 9 7 7 7 7 7 7 7 9 9 9 9 9 9 9 9 9 
8 8 8 8 8 8 8 8 4 4 4 4 8 8 8 8 8 8 8 8 9 9 9 9 9 9 9 9 9 7 7 7 7 7 7 7 9 9 9 9 9 9 9 9 9 
8 8 8 8 8 8 8 8 4 4 4 4 8 8 8 8 8 8 8 8 8 8 8 8 8 8 8 8 8 8 8 8 8 8 8 8 9 9 9 9 9 9 9 9 9 
7 7 7 7 7 7 7 1 4 4 4 4 8 8 8 8 8 8 8 8 8 8 8 8 8 8 8 8 8 8 8 8 8 8 8 8 9 9 9 9 9 9 9 9 9 
7 7 7 7 7 7 7 7 7 7 7 7 7 7 6 6 6 6 6 6 8 8 8 8 8 8 8 8 8 8 8 8 8 8 8 8 9 9 9 9 9 9 9 9 9 
7 7 7 7 7 7 7 7 7 7 7 7 7 7 6 6 6 6 6 6 8 8 8 8 8 8 8 8 8 8 8 8 8 8 8 8 9 9 9 9 9 9 9 9 9 
7 7 7 7 7 7 7 7 7 7 7 7 7 7 6 6 6 6 6 6 8 8 8 8 8 8 8 8 8 8 8 8 8 8 8 8 9 9 9 9 9 9 9 9 9 
7 7 7 7 7 7 7 7 7 7 7 7 7 7 6 6 6 6 6 6 8 8 8 8 8 8 8 8 8 8 8 8 8 8 8 8 9 9 9 9 9 9 9 9 9 
7 7 7 7 7 7 7 7 7 7 7 7 7 7 6 6 6 6 6 6 8 8 8 8 8 8 8 8 8 8 8 8 8 8 8 8 9 9 9 9 9 9 9 9 9 
7 7 7 7 7 7 7 7 7 7 7 7 7 7 6 6 6 6 6 6 8 8 8 8 8 8 8 8 8 8 8 8 8 8 8 8 9 9 9 9 9 9 9 9 9 
7 7 7 7 7 7 7 7 7 7 7 7 7 7 8 8 8 8 8 8 8 8 7 7 7 7 7 7 7 7 7 7 7 7 7 7 9 9 9 9 9 9 9 9 9 
7 7 7 7 7 7 7 7 7 7 7 7 7 7 8 8 8 8 8 8 8 8 7 7 7 7 7 7 7 7 7 7 7 7 7 7 9 9 9 9 9 9 9 9 9 
7 7 7 7 7 7 7 7 7 7 7 7 7 7 8 8 8 8 8 8 8 8 7 7 7 7 7 7 7 7 7 7 7 7 7 7 9 9 9 9 9 9 9 9 9 
7 7 7 7 7 7 7 7 7 7 7 7 7 7 8 8 8 8 8 8 8 8 7 7 7 7 7 7 7 7 7 7 7 7 7 7 4 4 4 4 5 5 5 5 5 
7 7 7 7 7 7 7 7 7 7 7 7 7 7 8 8 8 8 8 8 8 8 7 7 7 7 7 7 7 7 7 7 7 7 7 7 4 4 4 4 5 5 5 5 5 
7 7 7 7 7 7 7 7 7 7 7 7 7 7 8 8 8 8 8 8 8 8 7 7 7 7 7 7 7 7 7 7 7 7 7 7 4 4 4 4 5 5 5 5 5 
7 7 7 7 7 7 7 7 7 7 7 7 7 7 8 8 8 8 8 8 8 8 7 7 7 7 7 7 7 7 7 7 7 7 7 7 4 4 4 4 5 5 5 5 5 
4 4 4 4 3 3 3 7 7 7 7 7 7 7 8 8 8 8 8 8 8 8 6 6 6 6 6 6 6 6 6 6 6 6 6 6 6 6 6 6 5 5 5 5 5 
4 4 4 4 3 3 3 5 5 5 5 5 5 5 5 5 5 5 5 5 5 5 6 6 6 6 6 6 6 6 6 6 6 6 6 6 6 6 6 6 5 5 5 5 5 
4 4 4 4 3 3 3 5 5 5 5 5 5 5 5 5 5 5 5 5 5 5 6 6 6 6 6 6 6 6 6 6 6 6 6 6 6 6 6 6 5 5 5 5 5 
4 4 4 4 3 3 3 5 5 5 5 5 5 5 5 5 5 5 5 5 5 5 6 6 6 6 6 6 6 6 6 6 6 6 6 6 6 6 6 6 5 5 5 5 5 
2 2 2 2 3 3 3 5 5 5 5 5 5 5 5 5 5 5 5 5 5 5 6 6 6 6 6 6 6 6 6 6 6 6 6 6 6 6 6 6 5 5 5 5 5 
2 2 2 2 3 3 3 5 5 5 5 5 5 5 5 5 5 5 5 5 5 5 6 6 6 6 6 6 6 6 6 6 6 6 6 6 6 6 6 6 5 5 5 5 5 

