                                                                                                                                               
                                                                                                                                               
                                 20                                                                          20                                
                                                                                                                                               
                    104       6         187          12      70       6   6      70      12         187           6     104                    
                104       6             144  16   2  24      24   1  51  51   1  24      24   2  16 144               6     104                
                      6      20                     162 363  44  12          12  44 363 162                      20       6                    
                  6      20      20       6      36              53  26  26  53              36       6      20      20       6                
         20                  20          16           1   1  16       2   2      16   1   1          16          20                  20        
                                                124         264                 264         124                                                
                187 144       6  16           4                                                   4          16   6     144 187                
                     16                   4          10      18                  18      10           4                  16                    
                      2      36     124               8   2  28      14  14      28   2   8             124      36       2                    
                 12  24 162       1          10   8  40  72  28      21  21      28  72  40   8  10           1     162  24  12                
                        363       1               2  72 416       9           9     416  72   2               1     363                        
                 70  24  44      16 264      18  28  28      12  21  24  24  21  12      28  28  18     264  16      44  24  70                
                      1  12  53                           9  21                  21   9                          53  12   1                    
                  6  51      26   2              14  21      24                  24      21  14               2  26      51   6                
                  6  51      26   2              14  21      24                  24      21  14               2  26      51   6                
                      1  12  53                           9  21                  21   9                          53  12   1                    
                 70  24  44      16 264      18  28  28      12  21  24  24  21  12      28  28  18     264  16      44  24  70                
                        363       1               2  72 416       9           9     416  72   2               1     363                        
                 12  24 162       1          10   8  40  72  28      21  21      28  72  40   8  10           1     162  24  12                
                      2      36     124               8   2  28      14  14      28   2   8             124      36       2                    
                     16                   4          10      18                  18      10           4                  16                    
                187 144       6  16           4                                                   4          16   6     144 187                
                                                124         264                 264         124                                                
         20                  20          16           1   1  16       2   2      16   1   1          16          20                  20        
                  6      20      20       6      36              53  26  26  53              36       6      20      20       6                
                      6      20                     162 363  44  12          12  44 363 162                      20       6                    
                104       6             144  16   2  24      24   1  51  51   1  24      24   2  16 144               6     104                
                    104       6         187          12      70       6   6      70      12         187           6     104                    
                                                                                                                                               
                                 20                                                                          20                                
                                                                                                                                               
