6.7 6.7 6.7 6.7 6.9 6.9 7.0 6.9 6.6 6.7 6.7 6.7 6.9 6.9 6.9 6.9 6.7 6.7 6.7 6.7 6.9 6.9 6.9 6.9 6.7 6.7 6.7 6.6 6.9 7.0 6.9 6.9 6.7 6.7 6.7 6.7
6.7 6.7 6.7 6.7 6.9 6.9 7.0 6.9 6.6 6.7 6.7 6.7 6.9 6.9 6.9 6.9 6.7 6.7 6.7 6.7 6.9 6.9 6.9 6.9 6.7 6.7 6.7 6.6 6.9 7.0 6.9 6.9 6.7 6.7 6.7 6.7
6.7 6.7 6.7 6.7 6.9 6.9 7.0 6.9 6.6 6.7 6.7 6.7 6.9 6.9 6.9 6.9 6.7 6.7 6.7 6.7 6.9 6.9 6.9 6.9 6.7 6.7 6.7 6.6 6.9 7.0 6.9 6.9 6.7 6.7 6.7 6.7
6.7 6.7 6.7 6.8 6.9 7.0 7.0 6.9 6.6 6.7 6.7 6.7 6.9 6.9 7.0 6.9 6.7 6.7 6.7 6.7 6.9 7.0 6.9 6.9 6.7 6.7 6.7 6.6 6.9 7.0 7.0 6.9 6.8 6.7 6.7 6.7
6.9 6.9 6.9 6.9 7.0 7.1 7.1 7.0 6.6 6.7 6.8 6.8 7.0 7.0 7.0 6.9 6.7 6.7 6.7 6.7 6.9 7.0 7.0 7.0 6.8 6.8 6.7 6.6 7.0 7.1 7.1 7.0 6.9 6.9 6.9 6.9
6.9 6.9 6.9 7.0 7.1 7.2 7.2 7.1 6.7 6.8 6.9 6.9 7.1 7.1 7.1 7.0 6.8 6.8 6.8 6.8 7.0 7.1 7.1 7.1 6.9 6.9 6.8 6.7 7.1 7.2 7.2 7.1 7.0 6.9 6.9 6.9
7.0 7.0 7.0 7.0 7.1 7.2 7.3 7.1 6.7 6.8 6.9 6.9 7.1 7.2 7.2 7.1 6.8 6.8 6.8 6.8 7.1 7.2 7.2 7.1 6.9 6.9 6.8 6.7 7.1 7.3 7.2 7.1 7.0 7.0 7.0 7.0
6.9 6.9 6.9 6.9 7.0 7.1 7.1 7.1 6.5 6.6 6.6 6.7 6.9 7.1 7.2 7.1 6.7 6.8 6.8 6.7 7.1 7.2 7.1 6.9 6.7 6.6 6.6 6.5 7.1 7.1 7.1 7.0 6.9 6.9 6.9 6.9
6.6 6.6 6.6 6.6 6.6 6.7 6.7 6.5 6.1 6.2 6.3 6.3 6.3 6.4 6.5 6.4 6.4 6.5 6.5 6.4 6.4 6.5 6.4 6.3 6.3 6.3 6.2 6.1 6.5 6.7 6.7 6.6 6.6 6.6 6.6 6.6
6.7 6.7 6.7 6.7 6.7 6.8 6.8 6.6 6.2 6.3 6.4 6.5 6.4 6.5 6.7 6.5 6.5 6.6 6.6 6.5 6.5 6.7 6.5 6.4 6.5 6.4 6.3 6.2 6.6 6.8 6.8 6.7 6.7 6.7 6.7 6.7
6.7 6.7 6.7 6.7 6.8 6.9 6.9 6.6 6.3 6.4 6.5 6.6 6.5 6.6 6.7 6.6 6.5 6.6 6.6 6.5 6.6 6.7 6.6 6.5 6.6 6.5 6.4 6.3 6.6 6.9 6.9 6.8 6.7 6.7 6.7 6.7
6.7 6.7 6.7 6.7 6.8 6.9 6.9 6.7 6.3 6.5 6.6 6.7 6.7 6.7 6.8 6.7 6.6 6.7 6.7 6.6 6.7 6.8 6.7 6.7 6.7 6.6 6.5 6.3 6.7 6.9 6.9 6.8 6.7 6.7 6.7 6.7
6.9 6.9 6.9 6.9 7.0 7.1 7.1 6.9 6.3 6.4 6.5 6.7 6.7 6.8 6.8 6.7 6.6 6.7 6.7 6.6 6.7 6.8 6.8 6.7 6.7 6.5 6.4 6.3 6.9 7.1 7.1 7.0 6.9 6.9 6.9 6.9
6.9 6.9 6.9 6.9 7.0 7.1 7.2 7.1 6.4 6.5 6.6 6.7 6.8 6.9 7.0 6.8 6.7 6.8 6.8 6.7 6.8 7.0 6.9 6.8 6.7 6.6 6.5 6.4 7.1 7.2 7.1 7.0 6.9 6.9 6.9 6.9
6.9 6.9 6.9 7.0 7.0 7.1 7.2 7.2 6.5 6.7 6.7 6.8 6.8 7.0 7.0 7.0 6.7 6.8 6.8 6.7 7.0 7.0 7.0 6.8 6.8 6.7 6.7 6.5 7.2 7.2 7.1 7.0 7.0 6.9 6.9 6.9
6.9 6.9 6.9 6.9 6.9 7.0 7.1 7.1 6.4 6.5 6.6 6.7 6.7 6.8 7.0 6.8 6.6 6.7 6.7 6.6 6.8 7.0 6.8 6.7 6.7 6.6 6.5 6.4 7.1 7.1 7.0 6.9 6.9 6.9 6.9 6.9
6.7 6.7 6.7 6.7 6.7 6.8 6.8 6.7 6.4 6.5 6.5 6.6 6.6 6.7 6.7 6.6 6.5 6.6 6.6 6.5 6.6 6.7 6.7 6.6 6.6 6.5 6.5 6.4 6.7 6.8 6.8 6.7 6.7 6.7 6.7 6.7
6.7 6.7 6.7 6.7 6.7 6.8 6.8 6.8 6.5 6.6 6.6 6.7 6.7 6.8 6.8 6.7 6.6 6.7 6.7 6.6 6.7 6.8 6.8 6.7 6.7 6.6 6.6 6.5 6.8 6.8 6.8 6.7 6.7 6.7 6.7 6.7
6.7 6.7 6.7 6.7 6.7 6.8 6.8 6.8 6.5 6.6 6.6 6.7 6.7 6.8 6.8 6.7 6.6 6.7 6.7 6.6 6.7 6.8 6.8 6.7 6.7 6.6 6.6 6.5 6.8 6.8 6.8 6.7 6.7 6.7 6.7 6.7
6.7 6.7 6.7 6.7 6.7 6.8 6.8 6.7 6.4 6.5 6.5 6.6 6.6 6.7 6.7 6.6 6.5 6.6 6.6 6.5 6.6 6.7 6.7 6.6 6.6 6.5 6.5 6.4 6.7 6.8 6.8 6.7 6.7 6.7 6.7 6.7
6.9 6.9 6.9 6.9 6.9 7.0 7.1 7.1 6.4 6.5 6.6 6.7 6.7 6.8 7.0 6.8 6.6 6.7 6.7 6.6 6.8 7.0 6.8 6.7 6.7 6.6 6.5 6.4 7.1 7.1 7.0 6.9 6.9 6.9 6.9 6.9
6.9 6.9 6.9 7.0 7.0 7.1 7.2 7.2 6.5 6.7 6.7 6.8 6.8 7.0 7.0 7.0 6.7 6.8 6.8 6.7 7.0 7.0 7.0 6.8 6.8 6.7 6.7 6.5 7.2 7.2 7.1 7.0 7.0 6.9 6.9 6.9
6.9 6.9 6.9 6.9 7.0 7.1 7.2 7.1 6.4 6.5 6.6 6.7 6.8 6.9 7.0 6.8 6.7 6.8 6.8 6.7 6.8 7.0 6.9 6.8 6.7 6.6 6.5 6.4 7.1 7.2 7.1 7.0 6.9 6.9 6.9 6.9
6.9 6.9 6.9 6.9 7.0 7.1 7.1 6.9 6.3 6.4 6.5 6.7 6.7 6.8 6.8 6.7 6.6 6.7 6.7 6.6 6.7 6.8 6.8 6.7 6.7 6.5 6.4 6.3 6.9 7.1 7.1 7.0 6.9 6.9 6.9 6.9
6.7 6.7 6.7 6.7 6.8 6.9 6.9 6.7 6.3 6.5 6.6 6.7 6.7 6.7 6.8 6.7 6.6 6.7 6.7 6.6 6.7 6.8 6.7 6.7 6.7 6.6 6.5 6.3 6.7 6.9 6.9 6.8 6.7 6.7 6.7 6.7
6.7 6.7 6.7 6.7 6.8 6.9 6.9 6.6 6.3 6.4 6.5 6.6 6.5 6.6 6.7 6.6 6.5 6.6 6.6 6.5 6.6 6.7 6.6 6.5 6.6 6.5 6.4 6.3 6.6 6.9 6.9 6.8 6.7 6.7 6.7 6.7
6.7 6.7 6.7 6.7 6.7 6.8 6.8 6.6 6.2 6.3 6.4 6.5 6.4 6.5 6.7 6.5 6.5 6.6 6.6 6.5 6.5 6.7 6.5 6.4 6.5 6.4 6.3 6.2 6.6 6.8 6.8 6.7 6.7 6.7 6.7 6.7
6.6 6.6 6.6 6.6 6.6 6.7 6.7 6.5 6.1 6.2 6.3 6.3 6.3 6.4 6.5 6.4 6.4 6.5 6.5 6.4 6.4 6.5 6.4 6.3 6.3 6.3 6.2 6.1 6.5 6.7 6.7 6.6 6.6 6.6 6.6 6.6
6.9 6.9 6.9 6.9 7.0 7.1 7.1 7.1 6.5 6.6 6.6 6.7 6.9 7.1 7.2 7.1 6.7 6.8 6.8 6.7 7.1 7.2 7.1 6.9 6.7 6.6 6.6 6.5 7.1 7.1 7.1 7.0 6.9 6.9 6.9 6.9
7.0 7.0 7.0 7.0 7.1 7.2 7.3 7.1 6.7 6.8 6.9 6.9 7.1 7.2 7.2 7.1 6.8 6.8 6.8 6.8 7.1 7.2 7.2 7.1 6.9 6.9 6.8 6.7 7.1 7.3 7.2 7.1 7.0 7.0 7.0 7.0
6.9 6.9 6.9 7.0 7.1 7.2 7.2 7.1 6.7 6.8 6.9 6.9 7.1 7.1 7.1 7.0 6.8 6.8 6.8 6.8 7.0 7.1 7.1 7.1 6.9 6.9 6.8 6.7 7.1 7.2 7.2 7.1 7.0 6.9 6.9 6.9
6.9 6.9 6.9 6.9 7.0 7.1 7.1 7.0 6.6 6.7 6.8 6.8 7.0 7.0 7.0 6.9 6.7 6.7 6.7 6.7 6.9 7.0 7.0 7.0 6.8 6.8 6.7 6.6 7.0 7.1 7.1 7.0 6.9 6.9 6.9 6.9
6.7 6.7 6.7 6.8 6.9 7.0 7.0 6.9 6.6 6.7 6.7 6.7 6.9 6.9 7.0 6.9 6.7 6.7 6.7 6.7 6.9 7.0 6.9 6.9 6.7 6.7 6.7 6.6 6.9 7.0 7.0 6.9 6.8 6.7 6.7 6.7
6.7 6.7 6.7 6.7 6.9 6.9 7.0 6.9 6.6 6.7 6.7 6.7 6.9 6.9 6.9 6.9 6.7 6.7 6.7 6.7 6.9 6.9 6.9 6.9 6.7 6.7 6.7 6.6 6.9 7.0 6.9 6.9 6.7 6.7 6.7 6.7
6.7 6.7 6.7 6.7 6.9 6.9 7.0 6.9 6.6 6.7 6.7 6.7 6.9 6.9 6.9 6.9 6.7 6.7 6.7 6.7 6.9 6.9 6.9 6.9 6.7 6.7 6.7 6.6 6.9 7.0 6.9 6.9 6.7 6.7 6.7 6.7
6.7 6.7 6.7 6.7 6.9 6.9 7.0 6.9 6.6 6.7 6.7 6.7 6.9 6.9 6.9 6.9 6.7 6.7 6.7 6.7 6.9 6.9 6.9 6.9 6.7 6.7 6.7 6.6 6.9 7.0 6.9 6.9 6.7 6.7 6.7 6.7
Max: 7.27722984563
Min: 6.0541380789
